[0;37;5;47;107m8@8888@@888888888@@8888888888[0;1;37;97;47m8[0;37;5;47;107m88888888888888888888[0m
[0;37;5;47;107m@8@@@@8@8888888@@8@@@88888888888888888888888888888[0m
[0;37;5;47;107m@X@XX@X@@@8@8@@8@@@@XXX@@@88XX8@@88888888888888888[0m
[0;37;5;47;107mXXX@XXXXXXX@@@@@@8@@8@@@X8SX[0;1;30;90;47mt[0;36;5;40;100m [0;1;37;97;47mt[0;1;30;90;47m@S[0;37;5;47;107m@S88@@@8888888888[0m
[0;37;5;47;107mX@XXXXXXXXXXXXX@8@@@X@X@X8[0;36;5;40;100m.[0;1;30;90;44m@[0;34;40mX[0;1;37;97;47m [0;37;5;47;107m:[0;1;30;90;47mX[0;34;40m88[0;36;5;40;100m [0;1;37;97;47mS[0;37;5;47;107m8XXSX@88888888[0m
[0;37;5;47;107mXXX@X@XXXXXXXXXSXXXXX@X8[0;36;5;40;100m%[0;30;44m8[0;34;40m%[0;32;40m:.[0;34;40mt[0;34;5;40;100m8[0;36;5;40;100m.[0;30;5;40;100m8[0;32;40m%[0;30;5;40;100m8[0;31;40m@[0;35;5;40;100m8[0;31;5;40;100mX[0;35;5;40;100m:[0;37;5;40;100mS[0;1;37;97;47m;[0;37;5;47;107m@@@8@@888[0m
[0;37;5;47;107mXXXXSSXXXXSSSXXXSSSX@%8[0;1;30;90;44mS[0;34;40m;[0;32;40m:[0;31;40m;[0;34;40m:[0;32;40m...[0;31;40m.[0;32;40m:[0;34;40mt[0;1;30;90;40mX[0;36;5;40;100m.[0;1;30;90;47m%[0;1;37;97;47mt[0;37;5;47;107m8St88@@@8888[0m
[0;37;5;47;107mXXXXXXSSSSXS%SSSSSXSS[0;36;47mX[0;30;44m@[0;32;40m:[0;34;40m:;[0;32;40mt[0;31;40mt[0;34;40m;[0;31;40mt[0;32;40mt[0;1;30;90;40mX8[0;37;5;40;100m8[0;1;37;97;47mX[0;37;5;47;107m@%SX%@88X@@@@@8[0m
[0;37;5;47;107mSXXXSSSXXXSXSXSXS@%[0;1;37;97;47m [0;1;30;90;44mS[0;34;40m@[0;1;30;90;40m88[0;30;5;40;100mX[0;31;5;40;100mX[0;30;5;40;100m8[0;1;30;90;40m8[0;32;40m%[0;1;30;90;40m@@[0;30;5;40;100m8[0;1;37;97;47mt[0;37;5;47;107mS888XX888@@X@X@@@[0m
[0;37;5;47;107mt%%SSS%SSSSXXSSSX%[0;36;47m8[0;1;30;90;44mS[0;1;30;90;40m8[0;33;5;40;100m [0;1;37;97;47m8[0;37;5;47;107mSS@S%%SSSX@@X@@@@@@X@X@@@@@[0m
[0;37;5;47;107m%%%SXSXXS%SSSSSS;[0;1;36;96;47mX[0;30;44m@[0;30;5;40;100m8[0;33;5;40;100mS[0;1;37;97;47m@[0;37;5;47;107m;;tt%SXSS%SXXXS@X@X@XX@XX@XX[0m
[0;37;5;47;107m%%SSSXS%%S%S%%%;[0;1;37;97;47m:[0;1;30;90;44mX[0;1;30;90;40m@X[0;37;5;40;100m8[0;37;5;47;107mtt;:;;ttt%tXSXSXXXXXSXSXXXX@X[0m
[0;37;5;47;107m%SSSSSS%%tt%SS%8[0;36;44m@[0;30;5;40;100m8[0;1;30;90;40m8[0;30;5;40;100m8[0;1;37;97;47m%[0;37;5;47;107m;t:.. .:;tSX88S%%SS%SSXXXXXX@[0m
[0;37;5;47;107m%XSS%%SS%S%%%S;[0;36;47m8[0;1;30;90;44m8[0;33;5;40;100m.[0;35;5;40;100m:.[0;37;5;47;107mS%;....::;%XS[0;1;37;97;47m8[0;1;30;90;47mt[0;37;5;47;107m8%SSSSXXSSSXXXX[0m
[0;37;5;47;107mSSSS%SSSSS%%S%8[0;36;5;40;100m.[0;1;30;90;47m%:[0;30;5;40;100m8[0;1;30;90;47mX[0;37;5;47;107m%%;. ..::t%XX8[0;1;37;97;47m [0;1;30;90;47m:[0;37;5;47;107m8X%SSSSS%%SSXX[0m
[0;37;5;47;107m%tS%%SSS%%SSt8[0;1;36;96;47mS[0;1;37;97;47mX8t[0;1;30;90;47m%[0;37;5;47;107m8St;.:.:;t%%X@[0;1;37;97;47mS [0;1;30;90;47m%[0;35;5;40;100m [0;37;5;47;107mtS%SSSSX%SSSS[0m
[0;37;5;47;107m%%S%%SStt%S%8[0;1;36;96;47mS[0;35;47mS[0;1;30;90;47mS[0;37;5;47;107m@[0;1;37;97;47m8[0;37;5;47;107m88St:::;;tt%SX@X[0;1;37;97;47m@[0;31;5;40;100mX[0;34;5;40;100mX[0;37;5;47;107mtS%%SXSSSXSSS[0m
[0;37;5;47;107mS%ttS%S%tSSt[0;1;36;96;47mX[0;1;37;97;47mX[0;35;5;40;100m8 [0;37;5;47;107m;@8@St;:;;;t%SSX@SS[0;35;5;40;100m [0;1;37;97;47m:[0;37;5;47;107mt%%SSS%%%%SSX[0m
[0;37;5;47;107m%%%%S%%ttS;[0;1;37;97;47m. [0;37;5;47;107m@[0;36;5;40;100mt[0;35;5;40;100m [0;37;5;47;107m;@@@ttt;;;t%%XX@@tt%S%S%S%S%%%%SS%[0m
[0;37;5;47;107m%tt;t%%%t:[0;1;37;97;47m%[0;36;47m8[0;37;5;47;107m@%[0;35;5;40;100mS[0;36;5;40;100m [0;37;5;47;107m%X@X%;;;tt%SSXX@X;%SS%%S%SSS%S%%%S[0m
[0;37;5;47;107mt%%S%S%%St[0;37;46m8[0;37;5;47;107m88S[0;36;5;40;100m.[0;35;5;40;100m:[0;37;5;47;107m8XX@%t;;;%S%XXX8S;%%SSS%%%%t%t%t%%[0m
[0;37;5;47;107m%%%SSSSt:[0;1;37;97;47m [0;1;30;90;47m8[0;37;5;47;107mX@:[0;1;30;90;47m8[0;34;5;40;100m8[0;1;37;97;47m8[0;37;5;47;107mXXX%;:;t%SSX@@@ttSS%%%%S%SS%%SSSS[0m
[0;37;5;47;107m%%%t8[0;1;37;97;47mt@[0;37;5;47;107m8888@@%[0;1;37;97;47m:[0;34;40m8[0;1;30;90;47m;[0;37;5;47;107mX@XSt;;tSXXX@@Xt%SS%%SS%%%%%S%SS%[0m
[0;37;5;47;107mXSXX8[0;1;37;97;47m;[0;37;46m@[0;1;30;90;46m88[0;1;30;90;44mXX[0;36;5;40;100m8[0;35;5;40;100m [0;37;5;40;100m;[0;34;5;40;100m8[0;34;40mt[0;33;5;40;100m [0;37;5;47;107m@@X%tt%S@XXX88;:XSX%SS%%%t%%%%%SS[0m
[0;37;5;47;107mX88X@@888[0;37;5;40;100mS[0;1;30;90;44m@[0;34;40mX[0;34;5;40;100m@[0;36;5;40;100m%[0;34;40mS[0;1;30;90;40m@8[0;1;37;97;47m%[0;37;5;47;107m@S%t%%X@@@88@tSX@XXSXXS%%%tttt%%[0m
[0;37;5;47;107mSX8888888[0;1;37;97;47m%[0;1;30;90;47m:t[0;1;37;97;47m [0;1;30;90;47m:[0;35;5;40;100m [0;1;30;90;40mX[0;31;40m.[0;37;5;40;100m8[0;37;5;47;107mXX%t%X8[0;1;37;97;47mS@[0;37;5;47;107m8[0;1;37;97;47m%[0;37;5;47;107m8@tXSSt;tttt%St%tSSSS[0m
[0;37;5;47;107mXX@@88888888[0;1;37;97;47mS[0;37;5;47;107m8[0;1;37;97;47mS[0;1;30;90;47mt@;[0;1;37;97;47mS[0;37;5;47;107m@XXX[0;1;37;97;47m:[0;33;47mX@@[0;1;37;97;47m [0;37;5;47;107m88%:;%S%;;;;;ttt;t;;;t[0m
[0;37;5;47;107m%S%X@@@X8@@@@[0;1;37;97;47mXXXS[0;1;30;90;47m [0;1;37;97;47m [0;37;5;47;107m88X[0;1;37;97;47m@[0;1;30;90;47m%8[0;33;5;41;101m [0;1;31;91;43m8[0;1;31;91;47m8[0;37;5;47;107m8[0;1;37;97;47m. [0;37;5;47;107m8%tS%%%%t%t;tS%t%%%[0m
[0;37;5;47;107m%%%%SSXStttSX8888@[0;1;37;97;47m@%; .[0;37;5;47;107m88[0;1;37;97;47mS%S[0;37;5;47;107m8888@;%SS%t%;;tttS%%%S[0m
[0;37;5;47;107m::::::;%S%%XSX@XS%%:;@%@[0;1;37;97;47m [0;1;33;93;47m8[0;1;37;97;47m%[0;37;5;47;107m8@@@%;;%%%tt;;;tS%%;tt%[0m
[0;37;5;47;107m:......:;ttt%t%%%%St  :tt::tt::;;;t%t;;;;;%S%%ttt;[0m
